--- Generated A is ---
115  163  169  108  60  17  59  33  244  167  55  236  84  145  103  58  1  0  0  0  0  0  0  0  0  0  0  0  0  0  0  0 
97  158  198  247  19  31  149  13  177  123  99  19  221  133  53  36  0  1  0  0  0  0  0  0  0  0  0  0  0  0  0  0 
218  158  199  180  206  87  3  119  98  133  55  40  230  73  241  84  0  0  1  0  0  0  0  0  0  0  0  0  0  0  0  0 
15  196  240  152  142  21  177  180  219  154  248  67  126  131  209  35  0  0  0  1  0  0  0  0  0  0  0  0  0  0  0  0 
62  200  80  34  228  54  31  29  31  31  230  193  126  21  135  214  0  0  0  0  1  0  0  0  0  0  0  0  0  0  0  0 
233  75  116  119  214  75  48  194  170  138  240  67  154  180  81  133  0  0  0  0  0  1  0  0  0  0  0  0  0  0  0  0 
40  250  108  125  71  42  16  132  44  232  135  108  6  60  102  30  0  0  0  0  0  0  1  0  0  0  0  0  0  0  0  0 
134  233  84  133  3  152  40  108  112  92  18  5  109  180  115  185  0  0  0  0  0  0  0  1  0  0  0  0  0  0  0  0 
84  245  158  136  168  170  124  223  129  40  175  3  186  130  215  237  0  0  0  0  0  0  0  0  1  0  0  0  0  0  0  0 
214  81  186  8  118  21  160  185  117  225  248  208  169  210  183  172  0  0  0  0  0  0  0  0  0  1  0  0  0  0  0  0 
69  115  106  229  48  180  199  114  71  117  171  177  15  71  205  31  0  0  0  0  0  0  0  0  0  0  1  0  0  0  0  0 
207  100  153  125  31  124  59  102  27  200  23  214  118  60  114  54  0  0  0  0  0  0  0  0  0  0  0  1  0  0  0  0 
196  4  54  20  240  224  177  110  140  169  42  171  116  112  148  86  0  0  0  0  0  0  0  0  0  0  0  0  1  0  0  0 
74  66  56  124  33  225  64  176  219  248  142  130  31  231  189  72  0  0  0  0  0  0  0  0  0  0  0  0  0  1  0  0 
113  153  147  209  166  140  238  34  117  40  230  164  46  136  221  233  0  0  0  0  0  0  0  0  0  0  0  0  0  0  1  0 
239  96  142  179  185  247  66  34  99  182  77  107  51  77  239  18  0  0  0  0  0  0  0  0  0  0  0  0  0  0  0  1 
--- Permutation pi is ---
25 16 28 11 24 13 26 0 23 8 10 14 22 15 18 12 2 1 29 5 27 20 9 19 21 31 17 4 3 6 7 30 
--- V such that V_pi is in kernel of A is ---
92 0 1 0 0 0 0 0 218 0 167 231 111 234 4 0 86 0 31 0 0 0 166 136 137 229 179 0 231 0 0 0 

 ---------------------------- Starting protocol ---------------------------- 

--- P chooses a random vector R and a random permutation sig --- 
R is 
229 33 142 138 229 150 124 135 247 147 236 128 171 193 230 36 29 16 195 64 122 85 172 40 59 210 38 124 34 10 152 191 
sig is 
27 11 1 5 9 8 4 7 0 19 20 3 18 2 10 30 14 29 13 31 15 24 17 6 26 22 12 16 21 28 25 23 

--- P sends hashed (sig, AR) and (pi o sig, R_sig to V) --- 
AR is 
164 40 141 142 56 127 206 66 109 59 157 92 0 189 40 247 
R_sig is 
124 128 33 150 147 247 229 135 229 64 122 138 195 142 236 152 230 10 193 191 36 59 16 124 38 172 171 29 85 34 210 40 
pi o sig is
4 14 16 13 8 23 24 0 25 5 27 11 29 28 10 7 18 6 15 30 12 21 1 26 17 9 22 2 20 3 31 19 

 --- V chooses a random c in [0,p) ---
c is 152

 --- P sends W = R_sig + cVpiosig ---
W is 
124 234 53 327 151 337 471 314 399 64 122 361 195 365 269 152 424 10 193 191 91 59 16 224 38 172 303 181 85 34 210 40 

--- P now reveals sig or piosig. If P revealed piosig, V checks that W - cV_pi_sig = R_sig --- 
W - cVpiosig is 
124 128 33 150 147 247 229 135 229 64 122 138 195 142 236 152 230 10 193 191 36 59 16 124 38 172 171 29 85 34 210 40 
R_sig is
124 128 33 150 147 247 229 135 229 64 122 138 195 142 236 152 230 10 193 191 36 59 16 124 38 172 171 29 85 34 210 40 

--- V checks that both are equal --- 

------------- They are indeed equal so V can send a positive answer on wether P knows pi or not -------------


--- Say now that P revealed sig. V wants to check that A_sigW = AR --- 
A_sig is 
0  236  163  17  167  244  60  33  115  0  0  108  0  169  55  0  103  0  145  0  58  0  0  59  0  0  84  1  0  0  0  0 
0  19  158  31  123  177  19  13  97  0  0  247  0  198  99  0  53  0  133  0  36  0  1  149  0  0  221  0  0  0  0  0 
0  40  158  87  133  98  206  119  218  0  0  180  1  199  55  0  241  0  73  0  84  0  0  3  0  0  230  0  0  0  0  0 
0  67  196  21  154  219  142  180  15  1  0  152  0  240  248  0  209  0  131  0  35  0  0  177  0  0  126  0  0  0  0  0 
0  193  200  54  31  31  228  29  62  0  1  34  0  80  230  0  135  0  21  0  214  0  0  31  0  0  126  0  0  0  0  0 
0  67  75  75  138  170  214  194  233  0  0  119  0  116  240  0  81  0  180  0  133  0  0  48  0  0  154  0  1  0  0  0 
0  108  250  42  232  44  71  132  40  0  0  125  0  108  135  0  102  0  60  0  30  0  0  16  0  1  6  0  0  0  0  0 
0  5  233  152  92  112  3  108  134  0  0  133  0  84  18  0  115  0  180  0  185  0  0  40  0  0  109  0  0  0  0  1 
0  3  245  170  40  129  168  223  84  0  0  136  0  158  175  0  215  0  130  0  237  1  0  124  0  0  186  0  0  0  0  0 
0  208  81  21  225  117  118  185  214  0  0  8  0  186  248  0  183  0  210  0  172  0  0  160  0  0  169  0  0  0  1  0 
0  177  115  180  117  71  48  114  69  0  0  229  0  106  171  0  205  0  71  0  31  0  0  199  1  0  15  0  0  0  0  0 
1  214  100  124  200  27  31  102  207  0  0  125  0  153  23  0  114  0  60  0  54  0  0  59  0  0  118  0  0  0  0  0 
0  171  4  224  169  140  240  110  196  0  0  20  0  54  42  0  148  0  112  0  86  0  0  177  0  0  116  0  0  1  0  0 
0  130  66  225  248  219  33  176  74  0  0  124  0  56  142  0  189  1  231  0  72  0  0  64  0  0  31  0  0  0  0  0 
0  164  153  140  40  117  166  34  113  0  0  209  0  147  230  1  221  0  136  0  233  0  0  238  0  0  46  0  0  0  0  0 
0  107  96  247  182  99  185  34  239  0  0  179  0  142  77  0  239  0  77  1  18  0  0  66  0  0  51  0  0  0  0  0 
A_sigW is 
164 40 141 142 56 127 206 66 109 59 157 92 0 189 40 247 
AR is 
164 40 141 142 56 127 206 66 109 59 157 92 0 189 40 247 
--- V now checks they are equal ---

------------- They are equal and so V can output a positive answer on wether P knows pi or not -------------